7647
9282
8574
8506
3493
6967
5168
4704
3107
7154
9047
807
6935
9786
6639
8062
4868
3626
6728
3220
3302
2487
304
8957
511
6017
9594
459
1847
6220
159
3549
5
9678
9097
609
851
6020
3817
7657
1120
5390
206
8020
7307
6489
7686
8675
8465
1793
4822
1355
496
6456
191
2196
1131
5324
3786
4713
3715
461
3166
3884
4348
805
9568
3818
3192
8733
1689
878
1748
8386
2111
9711
5744
4160
4012
8512
8322
9342
859
338
4859
8388
7217
4675
7887
5582
5053
9687
7343
7104
2941
4822
492
8151
482
1520
7428
7963
873
13
3683
4924
9286
1204
1986
2171
1967
3379
6697
5959
8876
5094
3195
3941
434
2455
8984
8301
2068
7638
4493
2216
4867
6719
3568
9147
7870
6146
2732
2838
8299
2283
9508
6299
109
9360
2354
3827
6408
8795
2026
4632
5406
8930
6338
4179
5027
893
5110
5766
5292
4674
5700
3917
3508
5644
3136
8576
5810
5543
7799
1457
5930
5464
3351
5955
7334
1840
94
3611
5862
4027
4486
9677
8497
2000
3945
8552
1270
2597
2569
7812
3517
5529
7516
5991
7924
9653
8950
7320
1795
7871
3514
9259
5908
277
2669
7393
1450
4907
8123
9270
3742
5970
9681
7214
9553
614
2289
7941
9841
5011
8996
2813
531
637
9474
2452
9123
7144
5346
1121
5447
4988
8900
7840
7043
7854
4789
1256
683
10000
7677
956
3399
4896
211
6705
3214
9843
9925
9839
6832
9405
2002
443
9632
763
2356
5308
2093
531
6364
3566
7575
4688
5577
4149
2373
3204
161
3805
8515
646
8875
3477
8984
4192
8929
3453
307
4364
2115
3386
1475
1717
1915
6193
6037
7164
2251
2473
3470
8713
3381
5847
8176
8220
6976
1254
5039
3292
2210
4032
5487
5458
2247
4815
2702
3914
4745
7203
6361
7566
1574
6552
805
570
2922
457
4707
2692
9559
5501
1709
4741
8147
4455
110
1415
8801
6185
8757
6202
3577
445
8556
728
3136
1501
8428
596
2899
6663
2198
7741
4472
2573
5510
7708
8996
5159
3111
9263
3452
556
2474
7819
5886
7376
3372
1386
8133
8960
9633
6842
9177
9943
4742
3000
8147
2080
6631
7469
5642
1081
2705
8213
47
8259
280
2729
7965
9450
1680
8970
7757
7003
4656
1448
9225
615
2376
7070
7489
6064
6928
3477
341
615
7700
6206
131
7195
899
1426
7772
3942
1546
4354
2256
3208
910
8003
2322
7530
4309
58
5530
253
1112
7879
9634
7888
5611
480
7831
6274
6894
2301
4371
6196
9122
6966
9798
2381
3183
2422
1105
7188
5396
9466
1843
3781
2822
5467
76
4212
708
9829
5735
6350
3152
345
7898
8472
224
4092
5554
5654
7850
4874
5369
2515
5057
199
7995
351
6565
8190
3298
3144
3703
1430
3228
3562
1076
2864
7140
5815
2864
2339
7033
7481
3187
3027
295
7234
6510
3282
753
3144
5284
507
9226
5843
622
3100
29
5715
5815
8654
9919
5909
4723
5251
1417
6173
2631
3375
4830
8570
6949
7554
1199
5746
7271
4225
7981
7386
5682
7948
1534
2156
9394
3410
2159
9663
2499
5819
8414
1300
8055
8662
5330
7988
1218
3845
3587
8939
7831
5117
3759
507
7533
4123
4395
6130
2341
1402
3761
3000
5773
8502
5250
7705
1815
8809
8344
3251
9894
8233
2248
7778
2946
8995
9924
4910
6051
788
4748
9928
631
8585
2404
6056
1091
9974
9701
6957
6518
8401
8334
3050
9181
1505
5977
7945
4126
2973
1910
1644
8659
8632
9913
4596
281
8293
4810
4614
3390
9284
8690
1077
8238
8768
1319
3491
54
2708
1560
5256
4210
5669
6650
8650
692
3048
6562
2268
2831
2985
8716
3835
7295
1005
5043
4590
1418
1623
9441
1071
4595
8098
2049
7638
6313
7280
2121
1338
8735
220
4971
1797
3847
7201
785
4541
6546
1603
7131
9927
9073
3356
7237
3951
5916
1123
1113
6518
8459
2342
88
1466
5856
5318
7508
5725
4754
5127
1300
4932
3203
2233
5842
7002
7682
4488
9709
9590
7587
9255
2287
363
5467
4036
7823
8969
1306
4239
9577
6637
8686
8195
4985
516
7544
1567
7709
1869
9099
2883
6799
8796
6162
2169
203
6723
6419
666
2550
840
9020
3063
5985
5164
2516
9136
7898
4291
2330
1030
8160
4413
7026
8173
1658
5782
5948
3124
6809
7413
5951
8045
4660
5827
3805
759
7650
3856
4324
9326
5303
5727
9172
5513
4525
4262
5166
8669
3623
346
7760
4434
4917
1473
6966
3044
189
8555
8269
8196
2174
5603
9652
6236
4707
5212
3884
8091
9177
119
7775
9707
5891
6439
2466
5994
4842
9799
4380
8366
5097
9193
6325
5312
4833
4162
4614
6275
5368
1474
881
6666
5664
3432
8753
2044
5368
5574
4386
5906
1498
4274
4889
69
5216
8226
3949
6344
8297
4095
1107
5803
3794
755
8120
3699
1155
136
6832
1984
593
9180
3460
8225
4266
599
421
865
8082
1645
4790
7163
853
2776
4062
9141
6662
7904
7069
8448
4063
9445
4073
6796
1873
4557
6193
2699
8082
3107
5311
345
1070
1108
7755
7098
772
5006
7749
3691
4826
6701
2798
2269
9555
8535
2392
4654
5572
593
313
5508
3810
7362
2520
2049
7660
6254
6520
3475
5891
8113
9049
9079
8665
5398
4359
3290
4570
2675
4383
8575
621
8886
4791
3333
9735
7752
1512
4357
1647
9771
9815
5591
5314
9863
9331
8602
8702
6246
1737
2707
555
3447
9850
332
4890
5376
3052
426
296
8832
9659
5317
8373
9012
6532
523
6542
364
5659
2427
9686
2190
9364
6817
4165
813
3601
3932
5161
1680
1117
2449
3037
7067
5858
6698
3840
4915
8579
9014
8974
4797
386
2360
4261
2944
1384
3860
6258
2028
6384
9637
7042
714
992
6704
6681
8950
4019
8277
9480
6468
9364
5139
448
945
8809
2422
3563
2508
4937
5933
653
9603
2959
6492
3761
3864
1627
9350
6268
2621
5638
9176
9707
3480
5823
352
165
6492
6027
8700